0 78 100
0 59 92
0 54 91
0 65 95
0 63 93
0 69 91
0 69 100
3 59 93
0 49 0
3 62 89
1 46 3
2 44 0
0 63 89
0 53 95
0 46 1
0 51 92
0 55 89
0 56 97
0 59 85
0 69 92
0 69 95
0 78 98
0 69 97
0 65 96
0 49 95
0 62 98
0 64 97
0 53 94
0 54 94
0 56 95
0 79 100
0 67 91
0 64 89
0 71 92
0 56 87
0 62 87
0 53 96
0 40 95
0 40 0
0 40 100
0 36 97
0 70 100
0 38 90
0 58 98
0 51 94
0 33 90
0 40 87
0 57 100
0 63 100
0 25 96
0 42 89
0 49 98
0 40 98
0 53 94
0 52 87
0 60 88
0 30 79
0 44 87
0 58 92
0 76 93
0 74 95
0 57 0
0 32 89
3 66 99
0 48 84
0 68 96
0 39 77
0 64 94
0 76 98
